$ANSIBLE_VAULT;1.1;AES256
30663962613365663361383236353632393535636331636634653630373631376432616338373164
6131366363306566396439343431616230306565643966610a333634653537323763666633333065
38653434636366613333623430323339326166613535363238313530613833636566346334653235
3937356264653334630a616462653337656361636231333839346130333731626139626564323433
35336235346536643062393032386163346234336536333133393730373239353966383039313635
39633136353132303131303635643838346462656565383562666333366464303736616636666531
66336638656230386665386533326136383935663761366536663533343938316431616566373762
61323163306239393862643031356436373532623837346133306238316432366266363063366237
33356165366133366430663636613437663661316131313234666135636334343337346137616535
65633133393561343939613236666365306562366463386131353333656434656535346466313335
36626337303162346261653366636630656661316233653361636432613033663637303532653266
38303066643966646438356536313631303933316664633034626262313865636664306165623261
65396365653537613162636530393037636139383239313761336535316164303161643464323333
36323061383630613830663662633965353765623165303138613164316235643836336361333139
38353439393732343564396334366635663538663134373461303134666239313066353230666131
64316631366430663336363037623137623161636461346538306666613363303766356138313833
32366532303439373662376634646336323832663963303264613366346136666439393139646637
38363035643566323965653135613937393064633564623262663436346633343233613939366431
30326466663539373531383766366366623734333262663534643834643764646439383963396637
37623135393236366466633531636433306637356133306530623536626335303162646132366334
62353661353365333238646435653732326165383132323937616633653935393038613966656237
31356133343038376662343435323935323964383137653566323137323433633737323538613162
65343831353062613839376536326635373733633537333936363762376233343030646134646561
35393730343361616332316333323834343131373238623039336661613439633439313934333663
32333039356631616432626436623738333865633730373661326532336231656439393635366331
65626239343738663363633566313934653639373234396364326139373164653262386565366665
31363634623864643161633163613963353530656330366339333539346239663761333331336539
36323766646139656636373665356530646231393865313537396639653533313764383663366362
31396539366166373231326637663034313166333335393233313335666265666230333836396263
33396335353533366531646638623465306436346236626466356133313966643432386665373163
34653939643538343631396364363064333663383966653039323235316432346335306632343835
66626666366332623034653639623132393437316262623563656236336637613034333361646563
32633861343433396631323830623039366238373031633531316236613731623266663436363166
66633032643137353763363366373539623262386435383539373565623539323430333961326639
32346333313238343264343266333131626136333531366432666230373261333464396163373365
31623632356536373139353639346630623532313438303736303861623661333763363437393163
32316439376161383132663031393539356439343434363537353230313364636634303563623636
31663436366435643830343962613835646230613365643536313866303436393933626335623464
30396239333364366334626531366237393639323665376134646464353531323166366130623661
34306664656663666263353266393564376331636132346465326662626561633265303331623330
33363637333839393935623232653462383633626464396462633735393739366338643035633961
64316261663337363635333663653062643633356662366231616235396333613363303336386161
63316539383266303634313263386130323232623233333334363439313664336534666137366561
36333863353763636461316161386635663364373765353134656530343436303764623439383432
34646234663230613563616534666164316337336565323032623633643438643663393964643761
36393064386565373132383232393066346439353832366234643164633862663561316339393766
30353338313262336335353066643530333938356537343530363536313639363935393032663038
64313232386134373937323239366165393464663431343938663365613433663262393961353535
37626232396231663033376562306266633035653934393634323332383065393035343735353637
63356162643734633065663337333330643537323237303931643635333130656134393030633066
61333633396665646464613763326363326531303263656537613031383165633031653464636463
32376532323332636364393631336534303065653936353066336237653662616433363738313433
61323239643662653039623139656263383136316461336637636164636139663064313630323638
35393339316632343562323630393236333861636661303830663839623532316630363235636337
65356232356536323564653839666533373861353461346461363031303537663661373339316237
62306461663063323136386136643162616264613465653538313139393062613238313962616563
38353037303736643931613339383835306430343866393735353463373162613732613265346363
36323032383135386638396638356664323764396431653937336239653634313762626131316336
34626331383239653764303066353534663261313064623461616561383566326332653365366137
61613265356564303936343232343032653939643134366431343432613831626239303535363064
34363466306637656164653138646335363439323934366361356237663030663835323536376236
65383663666333633162653566346333393530306438316337383462343037666234336637626364
31373738633765393763376264353236316239343663643139623635343134326339323961373232
31356461653630616231626538376465383334333865336162306431313363333265643761383637
63396630376266303530626538376233376337313266383562323235613237303136356361353163
66663066373362633730303236336536643333313738376139663835373966333836383365396638
39323331653766633832666337333039646265326166336432356262323361373366663234663638
62653237653165353535396639373761613232613337653438353836323635333266376166353439
32336461616434333338646233303963356334653236366461643132393438663334613163356630
39653961386665376234323335333066303136626537303437343538633863363431333334623563
31666562396634636134313934303161613232353036333436616133613434393661643035623162
63333766393832613737663239386338653632633730353334383264366263363437333730333962
39643961343831393961323462353965313561343230336330393762386636376230633737366263
61323261373864616139333935656438306562613433313931646637383862613030353139356163
32393766653630613938393531383936336139616134336133363562356464306333626232663634
62313634303733343937346234303231393335383537356366613339653665346536393661343834
36663637646632616232373531633539356563623434353431653365316435336133383334323061
37333035333863306637323064326237346233313939613963383433306634363331323238303233
63636335393738393037386139326565623165653436393266633534303263373965663264623665
33386262393839663630356563353239663466633863613339303635323662396465343064313530
34373465356663626662616565643562663235663262643634633663326431633637646334323333
63613236393434633662666662623437333034333366303066656335333931303335373465613164
35356639353335396639373766303062646631666435346338383939376536373262653036313565
63373938353838313035663930663234313539316136343465323363366638643336336261346665
37616539363031373332343063663233666430306534643230623730346532343866396562653030
66616236373338366361396665343534373537393837636438393064663962373865316435653232
62666161353134303337333735343733363531643332363532383730663838656530323635396164
62633336383164623034
