$ANSIBLE_VAULT;1.1;AES256
31363932383837316131626561646263653261663236613235356665666562613837613435626530
3361633431343163643464633061323534633564303864610a666565343261666432336634386265
31333235653631623661623161613762306135373032636363326664633965316330636437623234
6233336365353738650a633934383266303365393033323465613338376337633033343634366262
61653633333931393463653565383138653965323638633161383131613233636335613435376161
61663665346232306630366635653061313565323639636164356261663965626435383134383863
62356364633031383233303164623561333539366164643532366566663361346264333037653534
32663135383863373033353334366537313135633265313437393864356539383934323162373730
35346232653464373436313763383839333939646430303161316234333334303836393634643564
33656336386634386335616365386138306566633130336537303366656334323630303465623232
65363263613732643264373737373436306434323539636330636334663865383532626435663563
38383933663736326539363735373762393839633465343330316166353966623332326462353564
6235
