$ANSIBLE_VAULT;1.1;AES256
37633232396431303539363963386438353734343335376262636136333864623636353835353132
6563646136363030346432343663323735306133613533300a353361613139363535666135623130
35313438323639663263393037643062336538353830333264653566313938373663393065333030
3539326466366162630a356463636635623436643561376561346331643436303039623066666137
30303866346230333861316363633362326134643532333863393262316532653232626362623434
61303837396464373236366366313331303136663839376437663635383238333736376133396164
62663365323138313136393465613038666564356366316463323432643332306137366630353639
32613432336663383833313139643830663664623030336463363564613932303763613764616431
32643930633464316262396162633431653864303433366231623338626534643634363463303538
62393665616233373066393133363439633231363332626665363239323330643930366436326564
61323938393663303737313266666633346165616632613534396162396437343038323964616330
66306539376165316339613464376461373365303935393736383234323737626263303639343365
3339
