$ANSIBLE_VAULT;1.1;AES256
66306539393830356230333164356466633234313031323138326133353466326334316662346464
3438633933353161646561366534386461613937656565310a383061346366636261353963663766
30626565613331653035333639653739613139613965663666383661336231383935366334653130
3638323638346438660a386537613665356230646134663332616262656432336566356634386565
64353837613631373663636361643265303663626665663962373431663764366565616566626531
62643934613431303134666336306432343737613135353237386565616561363361366433343065
30323830616330343030656636393866663564366562326434656332663634323063616438313631
31313164333663373334363362366464663765353866633464333335353438626531346234306562
36393239386230306539313138393966386465313338376135616137636463663937653365356666
30656264653638636538663261343362326539386137633934326539656565353362616333613030
38623733613238323236626166393462656362366631343362636262323237333964353937353633
64356635393261666238396366653865383163623033303230343564353061326132383636613138
33653435333334303563313333326237396131643030353065303630333937616230316630383732
64303638346131303939623661346539316462313834646433646137383630623033363837383133
33633230313134363836363631616430333234353337353231343962393835393065633463326434
61313738333637333339396434326561363638326239666536366464336662396166656665303130
33366636373066643238333663373762373934346537336164303961333961666161616463643930
37646533353362343866386366336232663232616433313234353534653337646362306230653638
31653366373837366336626639366437626630616336616635653735303566303233343235336231
30383936613664386638646538643331383061366666626266613431653631386632326134616136
64363566333466313735343631643961386231616331646134323037623165623536353132616131
33376132373664306136343834623161376230626466323631633832343031343762656434626238
35383634353863346635386164323437393064376136323335316538646536343565653863373862
30623663383061343139633331666230376633646463313133663538646163353434343338386634
63623465663931356166396136373563363366303364626465636334323131383261633664343132
61313761353438386163313033343865643361373735656133653265656138396537386234373433
64643631306430343863313937326135386336623533626230316335336362353966663231653531
33656232383162636537333639343066346361346630313230663563313064333961323637633963
65393565353830363932623864373966616266666333623366353830383032383163366636643263
65303630353663623435393433333537323735653638363836643437306331643566333130353630
65313365313931633866626631643432363130323232393839623163616139323438356138643834
34373637333861336662323134376233396236383163326335653932316263653434663563366331
38653062366165636165313138316563333439636232303863323563666431353536376364393962
33323832393733353065303334383162653132383365323164333762626661333365653533623236
61376362373636303838633539636439326139363037333165643531396635383162623336643763
66383164656339366130303638616135656661353736626238356163653266363231656134333639
32373532363966636539616633336632333035656164623432336139346362306630633432373134
61633262333861663537313738366365353761353230393639663435363333613965643165316665
39663036663964313937626365336464626436613530376366663062383138353363326132343432
34333434383233653363373530633435306234613666633037613131306534363536333731313261
34323937636361633464656633663037626538346130653834333965636634663763623638633632
39383835363762623537386665363865336165623936383862326261393930393738663232376165
66643263653363656263633466383832633135353233616666373065336332336336346531336261
62363733346161383366383836363964326534353963333035343963346431633664323361623939
33313932313930613137363836373064666336306465303731636339316233366332663836363736
32363366323261353661636233373436366562356539386565646139386437326266376363643130
30646164373033316165356232626236626636303235393163376633663265333132306434613634
61383539666162633231396231376239366366643066316335326165633662663362346165343634
63376661333238346437383161616364333630633635316263356637383534386131623032373862
35636466373865663534373166636365336335323161393763333863643235633336396532346164
31616364396330616637343861396336393966396239386334323561616130373566326163626234
33366639333135346163356165303864633065656131333130313765303761366230353665386661
64393131363236393266396536623832323535336238643130353930663962666433343633386465
62633661613539623439373863616564663833306331333265333634656166303064336161363335
35613037656635633762343830303464353761633432616365363138353736623530383161396239
32623263313739313737646534363131313839313037303339646537366239653563336661353234
36613433646339306133663866326265323862663961623166616563343362363034613935386263
31333863393961353335646332353765626237646437323331373866323135303832343235623661
30646636323135633466363833636261343931616536323238336535323263393439303063383037
35336439613266313564613462336336393563613538376335326134643539363064626238623664
30316530313963333963643636343564666439323537643433316362363135353163636536323032
39343437623564636532623565656466393736353132616431333935623261393939633638663361
36653734316239393965663233616463376664396239306466653331323439666136313865393736
66616334663333626137633636613433663036393865366637316136306339366235623434386532
64646562323031363839613135313638346134666635316130323230653638333834613435303863
62303964303362363334393163303464306366643730383561376337626665383738393264313664
36623731613334383161343662623738396462373436336136386264306464316130653062633439
65343232646330356334636537343363626235386138633930386164636634656337396538376531
36656166396366626139633832656165316662366332353666383362383739313364323765636264
30346438393335663839653430363730663031663761393965363537663165383866626134376564
62306333346338393365626666633631306239313233353939363530356161346630643337366238
32363366626637623731613235653833386535623130393930323337343265646337326264353266
39383438643032373936616466386138386131346238623564643637396134643963336239623937
62383432656465313139656465376131393966306262383065666539363635653566386131633838
30613637316432373134303133373062323138616231646638333835616135346331353233643834
37366465613165373738626463623831313230393261663464386132643861646537636238633461
39376338306137383231303462393564303363656134303065346461643234313262633632373936
62623063663166626461653062396139646162363232393533646632663736373837396166613736
35333765396535616133303431336532303536366630376164653761336462373337643039663638
36363039643535623065663463363539376165643462323331613237366561353466393133343464
34646437333536386630373234383236336336363362336565306436643264313431386635343430
64663634656231363130616664623536326637313037386130623038353866316538316562363261
61316561633538633338666262366364623737323234633730306362623863363736313335386633
65636430663336313265613366323933636134313631336236383362383865323632613164353966
35626466616431653233336463336131663532313531323339303930636566663234303263373239
63343866326663336461633134653836663761373537666637343964353835313530303066616362
34323139356137393662316132343936373333323635613235363130663862616337643064323364
61623463653533363065
